
2.666666667E0,2.289733609E0,8.230664054E0
2.700000000E0,2.027619294E0,8.058807142E0
2.733333333E0,1.753523361E0,7.886095542E0
2.766666667E0,1.464660200E0,7.713382676E0
2.800000000E0,1.172909790E0,7.542041446E0
2.833333333E0,8.658905381E-1,7.368728609E0
2.866666667E0,5.435628591E-1,7.200691380E0
2.900000000E0,2.076862534E-1,7.036699481E0
2.933333333E0,-1.415881656E-1,6.873203530E0
2.966666667E0,-5.109018608E-1,6.726300994E0
3.000000000E0,-8.960028219E-1,6.588118979E0
3.033333333E0,-1.300071048E0,6.465769512E0
3.066666667E0,-1.726724599E0,6.358255162E0
3.100000000E0,-2.172215430E0,6.268359220E0
3.133333333E0,-2.627994428E0,6.190004199E0
3.166666667E0,-3.097718872E0,6.128301345E0
3.200000000E0,-3.585385716E0,6.080236075E0
3.233333333E0,-4.087197014E0,6.050056911E0
3.266666667E0,-4.597117423E0,6.046088809E0
3.300000000E0,-5.136429447E0,6.095642175E0
3.333333333E0,-5.693391676E0,6.142055694E0
3.366666667E0,-6.254784946E0,6.234066445E0
3.400000000E0,-6.828565602E0,6.356914498E0
3.433333333E0,-7.413325498E0,6.516608744E0
3.466666667E0,-8.033108458E0,6.712634139E0
3.500000000E0,-8.625379195E0,6.918573480E0
3.533333333E0,-9.236290301E0,7.147681941E0
3.566666667E0,-9.855137222E0,7.395220710E0
3.600000000E0,-1.054809852E1,7.654760088E0
3.633333333E0,-1.120214596E1,7.931813759E0
3.666666667E0,-1.185091854E1,8.246135227E0
