
3.833333333E0,-2.446595546E0,4.994290081E0
3.866666667E0,-1.213187874E0,3.861981399E0
3.900000000E0,-1.010989895E-2,2.982420190E0
3.933333333E0,1.195163335E0,2.501814449E0
3.966666667E0,2.458847234E0,2.660766813E0
4.000000000E0,3.508134936E0,2.972310291E0
4.033333333E0,4.494458291E0,3.309118012E0
4.066666667E0,5.149164349E0,3.394287890E0
4.100000000E0,5.491396562E0,3.304087819E0
4.133333333E0,5.709234572E0,3.136087843E0
4.166666667E0,5.636268664E0,2.896486049E0
4.200000000E0,5.479565231E0,2.492090091E0
4.233333333E0,5.125718767E0,2.042199588E0
4.266666667E0,4.716267860E0,1.607473933E0
4.300000000E0,4.377586245E0,1.010989895E0
4.333333333E0,3.755827460E0,3.639563622E-1
4.366666667E0,2.967255342E0,-2.325276758E-1
4.400000000E0,2.118023830E0,-8.492315118E-1
