
1.166666667E0,1.015317488E0,2.382887982E0
1.200000000E0,1.120107698E0,2.331890975E0
1.233333333E0,1.233554434E0,2.277426132E0
1.266666667E0,1.348076427E0,2.226186921E0
1.300000000E0,1.470076059E0,2.163950903E0
1.333333333E0,1.600679101E0,2.082436889E0
1.366666667E0,1.735364074E0,2.020274594E0
1.400000000E0,1.864054707E0,1.953026728E0
1.433333333E0,1.995084101E0,1.884506202E0
1.466666667E0,2.129649023E0,1.812754563E0
1.500000000E0,2.271300153E0,1.744042722E0
1.533333333E0,2.411779884E0,1.667365109E0
1.566666667E0,2.548654103E0,1.600679101E0
1.600000000E0,2.693426029E0,1.528914555E0
1.633333333E0,2.839133778E0,1.462919943E0
1.666666667E0,2.982143578E0,1.393779371E0
1.700000000E0,3.126857689E0,1.330625420E0
1.733333333E0,3.260069465E0,1.263260092E0
1.766666667E0,3.394478152E0,1.196930839E0
1.800000000E0,3.528069681E0,1.136384550E0
1.833333333E0,3.656515735E0,1.073765924E0
1.866666667E0,3.788297318E0,1.022123075E0
1.900000000E0,3.922684512E0,9.702052574E-1
1.933333333E0,4.040618566E0,9.167406696E-1
1.966666667E0,4.147224271E0,8.646444266E-1
2.000000000E0,4.247300016E0,8.242527220E-1
2.033333333E0,4.347140177E0,7.942096124E-1
2.066666667E0,4.422977563E0,7.527393040E-1
2.100000000E0,4.491225828E0,7.200465860E-1
2.133333333E0,4.563748505E0,6.993258209E-1
2.166666667E0,4.619729997E0,6.773988361E-1
2.200000000E0,4.667352331E0,6.889654384E-1
2.233333333E0,4.713974052E0,7.045060122E-1
2.266666667E0,4.745055200E0,7.252267772E-1
2.300000000E0,4.757570765E0,7.492041148E-1
2.333333333E0,4.776136347E0,7.770286899E-1
2.366666667E0,4.770956156E0,8.340107938E-1
2.400000000E0,4.755415582E0,9.117136628E-1
2.433333333E0,4.734680403E0,9.845475076E-1
2.466666667E0,4.693253287E0,1.108560931E0
2.500000000E0,4.656991948E0,1.206984565E0
2.533333333E0,4.568928697E0,1.336489347E0
2.566666667E0,4.465324871E0,1.486714893E0
2.600000000E0,4.361721046E0,1.652481014E0
2.633333333E0,4.252937029E0,1.838967899E0
2.666666667E0,4.113071865E0,2.056535933E0
2.700000000E0,3.993927466E0,2.263743583E0
2.733333333E0,3.843701919E0,2.522753146E0
2.766666667E0,3.724557520E0,2.766222136E0
