
6.666666667E-1,1.231047211E1,4.266976389E0
7.000000000E-1,1.082275237E1,4.136187841E0
7.333333333E-1,9.498518322E0,3.809216470E0
7.666666667E-1,8.111845346E0,3.428082295E0
8.000000000E-1,6.779136331E0,2.994258727E0
8.333333333E-1,5.366115359E0,2.624181806E0
8.666666667E-1,3.727473627E0,2.149836763E0
9.000000000E-1,2.092616773E0,1.708425412E0
9.333333333E-1,4.250627820E-1,1.479545453E0
9.666666667E-1,-1.209794072E0,1.618508285E0
1.000000000E0,-2.779256652E0,2.059919636E0
1.033333333E0,-4.087868164E0,2.775837931E0
1.066666667E0,-5.321459060E0,3.792867901E0
1.100000000E0,-6.457684573E0,5.035359110E0
1.133333333E0,-7.381378696E0,6.310547456E0
1.166666667E0,-8.076192859E0,7.593910087E0
