
3.100000000E0,4.851422408E0,1.386120688E0
3.133333333E0,4.515835294E0,1.145373410E0
3.166666667E0,4.238611156E0,8.608539009E-1
3.200000000E0,3.954154451E0,6.130546388E-1
3.233333333E0,3.706048997E0,4.012454623E-1
3.266666667E0,3.450591148E0,1.970140346E-1
3.300000000E0,3.198915201E0,2.272853933E-2
3.333333333E0,2.945491967E0,-1.249130316E-1
3.366666667E0,2.718079619E0,-2.555558751E-1
3.400000000E0,2.493412601E0,-3.880997355E-1
3.433333333E0,2.284917083E0,-5.311260509E-1
3.466666667E0,2.079991752E0,-6.814202242E-1
3.500000000E0,1.887321175E0,-8.221787484E-1
3.533333333E0,1.690242859E0,-9.475746824E-1
3.566666667E0,1.495551268E0,-1.043238202E0
3.600000000E0,1.309519281E0,-1.145373410E0
3.633333333E0,1.110720393E0,-1.220150974E0
3.666666667E0,9.483983654E-1,-1.247508619E0
3.700000000E0,7.860763375E-1,-1.256627834E0
3.733333333E0,6.274019956E-1,-1.223798660E0
3.766666667E0,4.760230257E-1,-1.165435684E0
3.800000000E0,3.209963698E-1,-1.072419690E0
3.833333333E0,1.951512021E-1,-9.903467546E-1
3.866666667E0,8.024909246E-2,-8.736208020E-1
