
3.200000000E0,8.092970809E0,6.654894015E0
3.233333333E0,7.810070456E0,6.301268574E0
3.266666667E0,7.506448587E0,5.964191550E0
3.300000000E0,7.175144860E0,5.627136257E0
3.333333333E0,6.825727554E0,5.303778797E0
3.366666667E0,6.459280786E0,4.993088336E0
3.400000000E0,6.078777255E0,4.697488137E0
3.433333333E0,5.682010562E0,4.408684933E0
3.466666667E0,5.284570577E0,4.139309304E0
3.500000000E0,4.881934009E0,3.872472278E0
3.533333333E0,4.471357666E0,3.626910934E0
3.566666667E0,4.050686078E0,3.404506794E0
3.600000000E0,3.623293046E0,3.211463984E0
3.633333333E0,3.185625233E0,3.043585901E0
3.666666667E0,2.747198278E0,2.900640609E0
3.700000000E0,2.310352882E0,2.788589193E0
3.733333333E0,1.845588016E0,2.748174857E0
3.766666667E0,1.378637174E0,2.759936897E0
3.800000000E0,9.203788643E-1,2.852519290E0
3.833333333E0,4.882434038E-1,3.026538217E0
3.866666667E0,7.265048091E-2,3.249619335E0
3.900000000E0,-2.963717983E-1,3.576668747E0
3.933333333E0,-6.398936553E-1,3.859569100E0
3.966666667E0,-1.003622680E0,4.182883789E0
4.000000000E0,-1.313465924E0,4.546612814E0
4.033333333E0,-1.658329598E0,4.910354442E0
4.066666667E0,-1.926416689E0,5.280806587E0
4.100000000E0,-2.276674268E0,5.725364284E0
4.133333333E0,-2.588461539E0,6.095378393E0
4.166666667E0,-2.861355642E0,6.485155043E0
4.200000000E0,-3.152318218E0,6.890644309E0
4.233333333E0,-3.435218571E0,7.247637612E0
