
9.333333333E-1,1.100762726E1,5.734420345E0
9.666666667E-1,1.086975268E1,5.766570472E0
1.000000000E0,1.071804699E1,5.807533852E0
1.033333333E0,1.054737165E1,5.843585339E0
1.066666667E0,1.036213384E1,5.873406487E0
1.100000000E0,1.016142713E1,5.888984858E0
1.133333333E0,9.956126685E0,5.909603002E0
1.166666667E0,9.745138018E0,5.932159496E0
1.200000000E0,9.484399443E0,5.966224294E0
1.233333333E0,9.208894870E0,5.980400842E0
1.266666667E0,8.931084286E0,6.023794357E0
1.300000000E0,8.639903378E0,6.026659002E0
1.333333333E0,8.329959753E0,5.999687404E0
1.366666667E0,7.993473243E0,5.960118135E0
1.400000000E0,7.648820780E0,5.883531031E0
1.433333333E0,7.286417782E0,5.791906551E0
1.466666667E0,6.904513235E0,5.686901524E0
1.500000000E0,6.514197327E0,5.549638759E0
1.533333333E0,6.106901622E0,5.403157902E0
1.566666667E0,5.675444560E0,5.241662349E0
1.600000000E0,5.242061398E0,5.060441319E0
1.633333333E0,4.804818957E0,4.868049110E0
1.666666667E0,4.377573011E0,4.684967223E0
1.700000000E0,3.947388346E0,4.500984019E0
1.733333333E0,3.521512744E0,4.320861280E0
1.766666667E0,3.105535545E0,4.138620550E0
1.800000000E0,2.677486426E0,3.952686453E0
1.833333333E0,2.246294381E0,3.765175793E0
1.866666667E0,1.810791812E0,3.591869513E0
1.900000000E0,1.386908362E0,3.431611185E0
1.933333333E0,9.566293354E-1,3.290018824E0
1.966666667E0,5.242303846E-1,3.138074152E0
2.000000000E0,9.366118705E-2,2.994102963E0
2.033333333E0,-3.358488685E-1,2.857920285E0
2.066666667E0,-7.994366164E-1,2.659664128E0
2.100000000E0,-1.230662269E0,2.525189705E0
2.133333333E0,-1.671987902E0,2.427069032E0
2.166666667E0,-2.128255026E0,2.353792831E0
2.200000000E0,-2.586063799E0,2.304920924E0
2.233333333E0,-3.059067124E0,2.277860021E0
2.266666667E0,-3.533851031E0,2.272903663E0
2.300000000E0,-4.050739843E0,2.278615787E0
2.333333333E0,-4.540064933E0,2.306183461E0
2.366666667E0,-5.040905066E0,2.348242862E0
2.400000000E0,-5.562588246E0,2.414377663E0
2.433333333E0,-6.077981393E0,2.503322887E0
2.466666667E0,-6.595352085E0,2.598169003E0
2.500000000E0,-7.127167428E0,2.756827112E0
2.533333333E0,-7.671516761E0,2.951765968E0
2.566666667E0,-8.132463725E0,3.016847823E0
2.600000000E0,-8.640064970E0,3.320736714E0
2.633333333E0,-9.178147307E0,3.535969649E0
2.666666667E0,-9.627586685E0,3.642809769E0
2.700000000E0,-1.013132173E1,4.012556863E0
2.733333333E0,-1.063865651E1,4.273911142E0
2.766666667E0,-1.106912238E1,4.504517858E0
2.800000000E0,-1.151714602E1,4.749524145E0
2.833333333E0,-1.194456538E1,4.969175433E0
2.866666667E0,-1.240720752E1,5.271358448E0
2.900000000E0,-1.282920331E1,5.559388217E0
2.933333333E0,-1.324872616E1,5.801302624E0
2.966666667E0,-1.365344354E1,6.085034839E0
3.000000000E0,-1.408030873E1,6.366217482E0
3.033333333E0,-1.449932137E1,6.588439375E0
