
1.150000000E0,3.111385567E0,4.179056927E0
1.154166667E0,3.043660145E0,4.139218444E0
1.158333333E0,2.968043770E0,4.102337452E0
1.162500000E0,2.895701495E0,4.067680374E0
1.166666667E0,2.824113774E0,4.035376468E0
1.170833333E0,2.755687576E0,4.005868021E0
1.175000000E0,2.691388993E0,3.976296039E0
1.179166667E0,2.626327038E0,3.951020484E0
1.183333333E0,2.555106953E0,3.926352665E0
1.187500000E0,2.473598074E0,3.890964667E0
1.191666667E0,2.402919964E0,3.860789314E0
1.195833333E0,2.341029879E0,3.835077887E0
1.200000000E0,2.269738197E0,3.812815585E0
1.204166667E0,2.199843039E0,3.790676154E0
1.208333333E0,2.135211280E0,3.753913120E0
1.212500000E0,2.073561817E0,3.721878272E0
1.216666667E0,2.009063774E0,3.690275600E0
1.220833333E0,1.945123829E0,3.661890470E0
1.225000000E0,1.882692989E0,3.629479436E0
1.229166667E0,1.817414139E0,3.596848342E0
1.233333333E0,1.740971756E0,3.565771844E0
1.237500000E0,1.687830580E0,3.533944838E0
1.241666667E0,1.657147530E0,3.509498290E0
1.245833333E0,1.573620101E0,3.477899616E0
1.250000000E0,1.517846224E0,3.453996526E0
1.254166667E0,1.462072347E0,3.434077284E0
1.258333333E0,1.402314622E0,3.410174194E0
1.262500000E0,1.330605351E0,3.390254952E0
1.266666667E0,1.286783020E0,3.362368014E0
1.270833333E0,1.223041446E0,3.354400317E0
1.275000000E0,1.167267569E0,3.330497227E0
1.279166667E0,1.099542147E0,3.310577985E0
1.283333333E0,1.055719815E0,3.286674895E0
1.287500000E0,9.999459378E-1,3.266755653E0
1.291666667E0,9.322205157E-1,3.238868715E0
1.295833333E0,8.724627903E-1,3.218949473E0
1.300000000E0,8.087212166E-1,3.191062535E0
1.304166667E0,7.609150363E-1,3.179110989E0
1.308333333E0,7.051411593E-1,3.155207899E0
1.312500000E0,6.573349790E-1,3.139272506E0
1.316666667E0,5.975772537E-1,3.115369416E0
1.320833333E0,5.537549217E-1,3.099434022E0
1.325000000E0,5.019648931E-1,3.075530932E0
1.329166667E0,4.422071677E-1,3.043660145E0
1.333333333E0,3.933907496E-1,3.021406112E0
1.337500000E0,3.462876272E-1,3.002331481E0
1.341666667E0,2.961989506E-1,2.980172020E0
1.345833333E0,2.433610505E-1,2.956217784E0
1.350000000E0,1.926654839E-1,2.933529036E0
1.354166667E0,1.408220434E-1,2.910648992E0
1.358333333E0,8.947451041E-2,2.888454148E0
1.362500000E0,4.172748200E-2,2.870219615E0
1.366666667E0,-8.262896862E-3,2.853474046E0
1.370833333E0,-5.872406104E-2,2.834943457E0
1.375000000E0,-1.024514182E-1,2.813195481E0
1.379166667E0,-1.495391376E-1,2.792943235E0
1.383333333E0,-1.908845877E-1,2.771380242E0
1.387500000E0,-2.332740042E-1,2.753717119E0
