
1.150000000E0,3.041668221E0,4.035638386E0
1.154166667E0,2.987886268E0,3.971896813E0
1.158333333E0,2.959999330E0,3.926082557E0
1.162500000E0,2.918168922E0,3.908155239E0
1.166666667E0,2.884306211E0,3.890227921E0
1.170833333E0,2.834508107E0,3.900187542E0
1.175000000E0,2.762798836E0,3.924090632E0
1.179166667E0,2.703041111E0,3.932058329E0
1.183333333E0,2.619380295E0,3.946001798E0
1.187500000E0,2.539703328E0,3.928074481E0
1.191666667E0,2.475961754E0,3.904171391E0
1.195833333E0,2.400268636E0,3.886244073E0
1.200000000E0,2.322583593E0,3.870308680E0
1.204166667E0,2.240914701E0,3.852381362E0
1.208333333E0,2.159245810E0,3.853377324E0
1.212500000E0,2.075584994E0,3.860349059E0
1.216666667E0,1.975988785E0,3.856365210E0
1.220833333E0,1.880510075E0,3.840694872E0
1.225000000E0,1.778788292E0,3.782664016E0
1.229166667E0,1.677200159E0,3.718922442E0
1.233333333E0,1.603498964E0,3.643229323E0
1.237500000E0,1.525813921E0,3.547616963E0
1.241666667E0,1.474023892E0,3.473915768E0
1.245833333E0,1.448128878E0,3.404198422E0
1.250000000E0,1.430201560E0,3.364359938E0
1.254166667E0,1.392355001E0,3.302610289E0
1.258333333E0,1.362476138E0,3.272731426E0
1.262500000E0,1.338573048E0,3.244844487E0
1.266666667E0,1.298734565E0,3.236876791E0
1.270833333E0,1.260888005E0,3.248828336E0
1.275000000E0,1.213081825E0,3.268747577E0
1.279166667E0,1.176231228E0,3.280699123E0
1.283333333E0,1.119461389E0,3.296634516E0
1.287500000E0,1.065679436E0,3.288666819E0
1.291666667E0,9.939701652E-1,3.277711236E0
1.295833333E0,9.391922503E-1,3.270739502E0
1.300000000E0,8.794345250E-1,3.253808146E0
1.304166667E0,8.336202688E-1,3.236876791E0
1.308333333E0,7.648988847E-1,3.211977738E0
1.312500000E0,7.021532730E-1,3.190066572E0
1.316666667E0,6.473753581E-1,3.168155406E0
1.320833333E0,5.975772537E-1,3.148236165E0
1.325000000E0,5.477791492E-1,3.149232127E0
1.329166667E0,4.999729689E-1,3.149232127E0
1.333333333E0,4.451950540E-1,3.151224051E0
1.337500000E0,3.972964620E-1,3.153231844E0
1.341666667E0,3.415659084E-1,3.153636836E0
1.345833333E0,2.509824465E-1,3.151224051E0
1.350000000E0,1.742933656E-1,3.150228089E0
1.354166667E0,7.967696715E-2,3.120349226E0
1.358333333E0,2.987886268E-3,3.091466326E0
1.362500000E0,-6.971734626E-2,3.055611690E0
1.366666667E0,-1.374427683E-1,3.018761093E0
1.370833333E0,-1.972004937E-1,2.971950875E0
1.375000000E0,-2.410228256E-1,2.919164884E0
1.379166667E0,-2.838491955E-1,2.861399083E0
1.383333333E0,-3.157199823E-1,2.819568675E0
1.387500000E0,-3.167159444E-1,2.775746343E0
