
1.150000000E0,3.258787957E0,4.131250747E0
1.154166667E0,3.198764931E0,4.068155486E0
1.158333333E0,3.129615276E0,4.012452871E0
1.162500000E0,3.051223777E0,3.977866013E0
1.166666667E0,2.980623923E0,3.949552989E0
1.170833333E0,2.908413524E0,3.933739361E0
1.175000000E0,2.833677103E0,3.925178767E0
1.179166667E0,2.750831616E0,3.915459891E0
1.183333333E0,2.674308273E0,3.906023103E0
1.187500000E0,2.582252267E0,3.890254044E0
1.191666667E0,2.491259343E0,3.860091728E0
1.195833333E0,2.428155574E0,3.866324831E0
1.200000000E0,2.396284787E0,3.868316755E0
1.204166667E0,2.338518986E0,3.846405589E0
1.208333333E0,2.230955080E0,3.760752850E0
1.212500000E0,2.154529858E0,3.765266560E0
1.216666667E0,2.072236656E0,3.759532015E0
1.220833333E0,2.007415417E0,3.742838989E0
1.225000000E0,1.953749673E0,3.694232416E0
1.229166667E0,1.902343397E0,3.636483062E0
1.233333333E0,1.858465259E0,3.649205096E0
1.237500000E0,1.774804443E0,3.551600811E0
1.241666667E0,1.736957884E0,3.497818858E0
1.245833333E0,1.693135552E0,3.436069209E0
1.250000000E0,1.645329372E0,3.370335711E0
1.254166667E0,1.583891432E0,3.323381819E0
1.258333333E0,1.518236822E0,3.289514878E0
1.262500000E0,1.454036799E0,3.266070251E0
1.266666667E0,1.392063018E0,3.252976468E0
1.270833333E0,1.333293369E0,3.243409702E0
1.275000000E0,1.271121476E0,3.242860141E0
1.279166667E0,1.248648988E0,3.232716885E0
1.283333333E0,1.184623395E0,3.228460944E0
1.287500000E0,1.129549609E0,3.217408151E0
1.291666667E0,1.071007201E0,3.203355325E0
1.295833333E0,1.002933824E0,3.224925246E0
1.300000000E0,9.511437954E-1,3.208989852E0
1.304166667E0,8.874022217E-1,3.186082724E0
1.308333333E0,8.326243068E-1,3.166163482E0
1.312500000E0,7.808342781E-1,3.141264430E0
1.316666667E0,7.280482874E-1,3.121345188E0
1.320833333E0,6.423955477E-1,3.088478439E0
1.325000000E0,5.886135948E-1,3.067563235E0
1.329166667E0,5.477791492E-1,3.067563235E0
1.333333333E0,4.920052722E-1,3.051627842E0
1.337500000E0,4.451950540E-1,3.041668221E0
1.341666667E0,3.934050253E-1,3.032704562E0
1.345833333E0,3.485867313E-1,2.988882230E0
1.350000000E0,3.386271104E-1,2.941076050E0
1.354166667E0,3.017765131E-1,2.884306211E0
1.358333333E0,2.430147498E-1,2.822556561E0
1.362500000E0,1.902287591E-1,2.768774609E0
1.366666667E0,1.627458970E-1,2.731673985E0
1.370833333E0,7.569311880E-2,2.670174362E0
1.375000000E0,9.959620894E-3,2.638303575E0
1.379166667E0,-5.477791492E-2,2.619380295E0
1.383333333E0,-1.215073749E-1,2.615396447E0
1.387500000E0,-1.782772140E-1,2.612408561E0
