
3.041666667E-1,-3.159185863E0,8.596569228E-1
3.083333333E-1,-3.114389844E0,8.681894977E-1
3.125000000E-1,-3.075144776E0,8.695596534E-1
3.166666667E-1,-3.037158013E0,8.757284273E-1
3.208333333E-1,-2.997801636E0,8.785128566E-1
3.250000000E-1,-2.960997069E0,8.765722644E-1
3.291666667E-1,-2.925358759E0,8.762426230E-1
3.333333333E-1,-2.887940375E0,8.758094565E-1
3.375000000E-1,-2.851007046E0,8.765546254E-1
3.416666667E-1,-2.813487830E0,8.716306354E-1
3.458333333E-1,-2.775966433E0,8.674675373E-1
3.500000000E-1,-2.735495085E0,8.622154089E-1
3.541666667E-1,-2.699759077E0,8.586708294E-1
3.583333333E-1,-2.661151754E0,8.598623869E-1
3.625000000E-1,-2.625941473E0,8.579751313E-1
3.666666667E-1,-2.590320820E0,8.587204772E-1
3.708333333E-1,-2.555244483E0,8.590681238E-1
3.750000000E-1,-2.518273141E0,8.576523927E-1
3.791666667E-1,-2.482359596E0,8.574514911E-1
3.833333333E-1,-2.447014905E0,8.587754445E-1
3.875000000E-1,-2.410936554E0,8.574868211E-1
3.916666667E-1,-2.375674225E0,8.555696358E-1
3.958333333E-1,-2.338965175E0,8.580966627E-1
4.000000000E-1,-2.304059434E0,8.552045507E-1
4.041666667E-1,-2.269915656E0,8.508203198E-1
4.083333333E-1,-2.235533201E0,8.501227063E-1
4.125000000E-1,-2.201130892E0,8.448049219E-1
4.166666667E-1,-2.168196606E0,8.404465099E-1
4.208333333E-1,-2.134267234E0,8.365376350E-1
4.250000000E-1,-2.101966296E0,8.308953579E-1
4.291666667E-1,-2.071352415E0,8.254876553E-1
4.333333333E-1,-2.039527015E0,8.213366333E-1
4.375000000E-1,-2.007828375E0,8.155925244E-1
4.416666667E-1,-1.975113113E0,8.087918435E-1
4.458333333E-1,-1.943208503E0,8.050979838E-1
4.500000000E-1,-1.910775522E0,7.990896019E-1
4.541666667E-1,-1.878731755E0,7.913909954E-1
4.583333333E-1,-1.847400556E0,7.881920798E-1
4.625000000E-1,-1.816636529E0,7.804799878E-1
4.666666667E-1,-1.783749873E0,7.741374921E-1
4.708333333E-1,-1.751482648E0,7.683274636E-1
4.750000000E-1,-1.720731329E0,7.610126769E-1
4.791666667E-1,-1.689311626E0,7.507624791E-1
4.833333333E-1,-1.658132320E0,7.474236003E-1
4.875000000E-1,-1.626681395E0,7.394344613E-1
4.916666667E-1,-1.597218111E0,7.314783448E-1
4.958333333E-1,-1.563994640E0,7.251596268E-1
5.000000000E-1,-1.534272736E0,7.151111429E-1
5.041666667E-1,-1.503308865E0,7.064572299E-1
5.083333333E-1,-1.473358262E0,6.991100127E-1
5.125000000E-1,-1.442359924E0,6.892056183E-1
5.166666667E-1,-1.414248904E0,6.808358915E-1
5.208333333E-1,-1.382998362E0,6.723976933E-1
5.250000000E-1,-1.352845478E0,6.636788167E-1
5.291666667E-1,-1.324662916E0,6.546497775E-1
5.333333333E-1,-1.296035932E0,6.462629113E-1
5.375000000E-1,-1.264207594E0,6.377120370E-1
5.416666667E-1,-1.236956512E0,6.282594563E-1
5.458333333E-1,-1.206717838E0,6.196834472E-1
5.500000000E-1,-1.178640457E0,6.098811914E-1
5.541666667E-1,-1.142411357E0,5.981146368E-1
5.583333333E-1,-1.114822102E0,5.874751567E-1
5.625000000E-1,-1.086304359E0,5.780265215E-1
5.666666667E-1,-1.059119307E0,5.684985273E-1
5.708333333E-1,-1.033542131E0,5.581516494E-1
5.750000000E-1,-9.951079137E-1,5.459934658E-1
5.791666667E-1,-9.714149970E-1,5.354430335E-1
5.833333333E-1,-9.460555876E-1,5.260008898E-1
5.875000000E-1,-9.083711057E-1,5.118500234E-1
5.916666667E-1,-8.840278170E-1,5.012380526E-1
5.958333333E-1,-8.591816535E-1,4.918504900E-1
6.000000000E-1,-8.225775395E-1,4.764788479E-1
6.041666667E-1,-8.007250184E-1,4.668417730E-1
6.083333333E-1,-7.767469896E-1,4.567586733E-1
6.125000000E-1,-7.422869087E-1,4.418290970E-1
6.166666667E-1,-7.195523439E-1,4.305427186E-1
6.208333333E-1,-6.830893507E-1,4.172282579E-1
6.250000000E-1,-6.609728897E-1,4.057953364E-1
6.291666667E-1,-6.278102387E-1,3.909987671E-1
6.333333333E-1,-6.058950158E-1,3.811142089E-1
6.375000000E-1,-5.723801682E-1,3.650709432E-1
6.416666667E-1,-5.531650519E-1,3.546988687E-1
6.458333333E-1,-5.199391791E-1,3.393080792E-1
6.500000000E-1,-4.987339893E-1,3.278118758E-1
6.541666667E-1,-4.684700749E-1,3.133754281E-1
6.583333333E-1,-4.351354300E-1,2.975078722E-1
6.625000000E-1,-4.159065159E-1,2.875165115E-1
6.666666667E-1,-3.848630259E-1,2.707546726E-1
6.708333333E-1,-3.529768158E-1,2.549047350E-1
6.750000000E-1,-3.235278885E-1,2.391290902E-1
6.791666667E-1,-3.043757195E-1,2.270667741E-1
6.833333333E-1,-2.737708323E-1,2.112986703E-1
6.875000000E-1,-2.432610544E-1,1.960062791E-1
6.916666667E-1,-2.153488674E-1,1.789589915E-1
6.958333333E-1,-1.943650676E-1,1.667068789E-1
7.000000000E-1,-1.639755500E-1,1.504662513E-1
7.041666667E-1,-1.349863870E-1,1.345522809E-1
7.083333333E-1,-1.061979931E-1,1.176098233E-1
7.125000000E-1,-7.699024839E-2,1.012011859E-1
7.166666667E-1,-4.790133705E-2,8.717540599E-2
7.208333333E-1,-2.100652674E-2,6.696919584E-2
7.250000000E-1,9.310297715E-3,5.270706563E-2
7.291666667E-1,3.553630891E-2,3.523920177E-2
7.333333333E-1,6.262099995E-2,1.756280499E-2
7.375000000E-1,9.029497404E-2,-2.787844667E-4
7.416666667E-1,1.177830067E-1,-1.828245684E-2
7.458333333E-1,1.456698344E-1,-3.463396081E-2
7.500000000E-1,1.730538959E-1,-5.202433690E-2
7.541666667E-1,1.986457664E-1,-7.016433056E-2
7.583333333E-1,2.258184784E-1,-8.728590398E-2
7.625000000E-1,2.507857190E-1,-1.044586210E-1
7.666666667E-1,2.767383725E-1,-1.217211800E-1
7.708333333E-1,3.020019132E-1,-1.395942377E-1
7.750000000E-1,3.295481707E-1,-1.567702723E-1
7.791666667E-1,3.567408692E-1,-1.743021659E-1
7.833333333E-1,3.823699876E-1,-1.921826277E-1
7.875000000E-1,4.112495919E-1,-2.115418455E-1
7.916666667E-1,4.368175560E-1,-2.300421513E-1
7.958333333E-1,4.655451906E-1,-2.508174519E-1
8.000000000E-1,4.929817171E-1,-2.697971077E-1
8.041666667E-1,5.167227489E-1,-2.862831621E-1
8.083333333E-1,5.395331689E-1,-3.014376360E-1
8.125000000E-1,5.661788530E-1,-3.193074639E-1
8.166666667E-1,5.907712731E-1,-3.358211791E-1
