
4.250000000E-1,1.886664636E0,7.215590283E-1
4.291666667E-1,1.837417452E0,7.004222783E-1
4.333333333E-1,1.784251466E0,6.749846989E-1
4.375000000E-1,1.733281759E0,6.498947932E-1
4.416666667E-1,1.672319160E0,6.260585687E-1
4.458333333E-1,1.627752279E0,5.963473146E-1
4.500000000E-1,1.559840841E0,5.708805254E-1
4.541666667E-1,1.512133367E0,5.481905330E-1
4.583333333E-1,1.467400678E0,5.262376601E-1
4.625000000E-1,1.437899733E0,5.115972859E-1
4.666666667E-1,1.397144769E0,4.919899344E-1
4.708333333E-1,1.350591479E0,4.689832876E-1
4.750000000E-1,1.307207829E0,4.474847866E-1
4.791666667E-1,1.261140435E0,4.239551968E-1
4.833333333E-1,1.215093712E0,4.011596710E-1
4.875000000E-1,1.169770763E0,3.774234574E-1
4.916666667E-1,1.123546046E0,3.542312258E-1
4.958333333E-1,1.077278028E0,3.315302416E-1
5.000000000E-1,1.030640775E0,3.082075574E-1
5.041666667E-1,9.875827960E-1,2.860786205E-1
5.083333333E-1,9.402763245E-1,2.631241263E-1
5.125000000E-1,8.944600145E-1,2.394514596E-1
5.166666667E-1,8.463984158E-1,2.145154746E-1
5.208333333E-1,7.964490641E-1,1.890193166E-1
5.250000000E-1,7.487208235E-1,1.657348871E-1
5.291666667E-1,7.028390407E-1,1.426040270E-1
5.333333333E-1,6.585524753E-1,1.209751171E-1
5.375000000E-1,6.137549629E-1,9.910118501E-2
5.416666667E-1,5.700683740E-1,7.828454667E-2
5.458333333E-1,5.274889795E-1,5.784725432E-2
5.500000000E-1,4.869838602E-1,3.830895116E-2
5.541666667E-1,4.463448936E-1,1.935331594E-2
5.583333333E-1,4.071055644E-1,1.716260146E-3
