
4.250000000E-1,2.011876350E0,7.470258176E-1
4.291666667E-1,1.948670468E0,7.296866895E-1
4.333333333E-1,1.882655706E0,7.023904635E-1
4.375000000E-1,1.816630965E0,7.024589364E-1
4.416666667E-1,1.786919711E0,6.918477742E-1
4.458333333E-1,1.734925017E0,6.759310310E-1
4.500000000E-1,1.679746973E0,6.483420093E-1
4.541666667E-1,1.628992613E0,6.271491788E-1
4.583333333E-1,1.580354107E0,6.077129650E-1
4.625000000E-1,1.528703250E0,5.888898982E-1
4.666666667E-1,1.474318241E0,5.734707239E-1
4.708333333E-1,1.414299516E0,5.613111577E-1
4.750000000E-1,1.350302259E0,5.507801292E-1
4.791666667E-1,1.281586095E0,5.380314803E-1
4.833333333E-1,1.212036102E0,5.238840622E-1
4.875000000E-1,1.143583959E0,5.039762953E-1
4.916666667E-1,1.079028532E0,4.806135046E-1
4.958333333E-1,1.020951621E0,4.542890050E-1
5.000000000E-1,9.465156666E-1,4.297520684E-1
5.041666667E-1,8.979691875E-1,4.040953797E-1
5.083333333E-1,8.534339598E-1,3.789198903E-1
5.125000000E-1,8.119102194E-1,3.533272589E-1
5.166666667E-1,7.721131946E-1,3.272815650E-1
5.208333333E-1,7.341599899E-1,2.993233724E-1
5.250000000E-1,6.981835201E-1,2.694006553E-1
5.291666667E-1,6.647598799E-1,2.384491119E-1
5.333333333E-1,6.321074456E-1,2.065249334E-1
5.375000000E-1,6.004051081E-1,1.726442219E-1
5.416666667E-1,5.694163647E-1,1.391485793E-1
5.458333333E-1,5.407727143E-1,1.088333428E-1
5.500000000E-1,5.104472315E-1,8.182744347E-2
5.541666667E-1,4.745634342E-1,5.715706685E-2
5.583333333E-1,4.562799738E-1,3.926130007E-2
