
4.000000000E-1,-4.512931506E0,-1.555932954E0
4.041666667E-1,-4.418559212E0,-1.580130978E0
4.083333333E-1,-4.361156417E0,-1.595283853E0
4.125000000E-1,-4.304574379E0,-1.609566875E0
4.166666667E-1,-4.246221285E0,-1.617830157E0
4.208333333E-1,-4.193208052E0,-1.628827464E0
4.250000000E-1,-4.140588326E0,-1.638611170E0
4.291666667E-1,-4.086268080E0,-1.648025768E0
4.333333333E-1,-4.031392901E0,-1.657705578E0
4.375000000E-1,-3.976381085E0,-1.664766288E0
4.416666667E-1,-3.921106781E0,-1.671328185E0
4.458333333E-1,-3.866183759E0,-1.677315632E0
4.500000000E-1,-3.810527540E0,-1.682516150E0
4.541666667E-1,-3.755108363E0,-1.687764798E0
4.583333333E-1,-3.700871570E0,-1.694337754E0
4.625000000E-1,-3.645247069E0,-1.700570926E0
4.666666667E-1,-3.590263060E0,-1.706098946E0
4.708333333E-1,-3.536291967E0,-1.713636351E0
4.750000000E-1,-3.484940197E0,-1.719190201E0
4.791666667E-1,-3.434580892E0,-1.725258988E0
4.833333333E-1,-3.383043935E0,-1.730656181E0
4.875000000E-1,-3.330457186E0,-1.738220602E0
4.916666667E-1,-3.277761174E0,-1.744616607E0
4.958333333E-1,-3.224924044E0,-1.747890542E0
5.000000000E-1,-3.175735421E0,-1.752950583E0
5.041666667E-1,-3.127248300E0,-1.757686223E0
5.083333333E-1,-3.079157835E0,-1.761325048E0
5.125000000E-1,-3.030011404E0,-1.763657856E0
5.166666667E-1,-2.980235204E0,-1.764723957E0
5.208333333E-1,-2.928899545E0,-1.766034054E0
5.250000000E-1,-2.879474583E0,-1.766962884E0
5.291666667E-1,-2.828572073E0,-1.767143110E0
5.333333333E-1,-2.777379598E0,-1.768569015E0
5.375000000E-1,-2.725784925E0,-1.768414435E0
5.416666667E-1,-2.675490733E0,-1.768630505E0
5.458333333E-1,-2.626303060E0,-1.768711174E0
5.500000000E-1,-2.579656809E0,-1.768745371E0
5.541666667E-1,-2.532303309E0,-1.767047128E0
5.583333333E-1,-2.483841652E0,-1.768862647E0
5.625000000E-1,-2.436271743E0,-1.768871823E0
5.666666667E-1,-2.389135617E0,-1.769078347E0
5.708333333E-1,-2.339761798E0,-1.769588532E0
5.750000000E-1,-2.289731183E0,-1.771974966E0
5.791666667E-1,-2.240101513E0,-1.765313840E0
5.833333333E-1,-2.195140821E0,-1.764220692E0
5.875000000E-1,-2.149383957E0,-1.762380202E0
5.916666667E-1,-2.104703634E0,-1.758899760E0
5.958333333E-1,-2.057422918E0,-1.754603407E0
6.000000000E-1,-2.009943118E0,-1.750080302E0
6.041666667E-1,-1.964126686E0,-1.745203538E0
6.083333333E-1,-1.916177050E0,-1.740102578E0
6.125000000E-1,-1.868300252E0,-1.735857773E0
6.166666667E-1,-1.822970754E0,-1.730635524E0
6.208333333E-1,-1.776864350E0,-1.725910363E0
6.250000000E-1,-1.732435985E0,-1.722851786E0
6.291666667E-1,-1.688675450E0,-1.715869678E0
6.333333333E-1,-1.644428069E0,-1.711847425E0
6.375000000E-1,-1.600342746E0,-1.708747419E0
6.416666667E-1,-1.555540812E0,-1.705292601E0
6.458333333E-1,-1.510529750E0,-1.701764080E0
6.500000000E-1,-1.466286268E0,-1.697106477E0
6.541666667E-1,-1.422390843E0,-1.692737653E0
6.583333333E-1,-1.379379706E0,-1.690134418E0
6.625000000E-1,-1.337783486E0,-1.687505147E0
6.666666667E-1,-1.290666775E0,-1.687259369E0
6.708333333E-1,-1.258297256E0,-1.672083470E0
6.750000000E-1,-1.215238515E0,-1.667626661E0
6.791666667E-1,-1.172559856E0,-1.661906798E0
6.833333333E-1,-1.129712025E0,-1.655933664E0
6.875000000E-1,-1.086187404E0,-1.648690894E0
6.916666667E-1,-1.044148366E0,-1.642782453E0
6.958333333E-1,-1.000931791E0,-1.634812228E0
7.000000000E-1,-9.583653129E-1,-1.629237205E0
7.041666667E-1,-9.179549100E-1,-1.622724003E0
7.083333333E-1,-8.757007409E-1,-1.614759421E0
7.125000000E-1,-8.346158284E-1,-1.609449549E0
7.166666667E-1,-7.934165385E-1,-1.603880085E0
7.208333333E-1,-7.539702307E-1,-1.599283337E0
7.250000000E-1,-7.117523454E-1,-1.593353121E0
7.291666667E-1,-6.699472544E-1,-1.586678527E0
7.333333333E-1,-6.287888094E-1,-1.580234560E0
7.375000000E-1,-5.876856667E-1,-1.574366763E0
7.416666667E-1,-5.459494217E-1,-1.564681147E0
7.458333333E-1,-5.018534020E-1,-1.565273541E0
7.500000000E-1,-4.687641159E-1,-1.559502941E0
7.541666667E-1,-4.303406861E-1,-1.551693937E0
7.583333333E-1,-3.917296178E-1,-1.544697958E0
7.625000000E-1,-3.528733446E-1,-1.536730155E0
