
4.000000000E-1,-4.600044393E0,-1.447041845E0
4.041666667E-1,-4.509475523E0,-1.428716447E0
4.083333333E-1,-4.424410441E0,-1.425618278E0
4.125000000E-1,-4.355354361E0,-1.431157708E0
4.166666667E-1,-4.300058414E0,-1.444191368E0
4.208333333E-1,-4.247631122E0,-1.457745703E0
4.250000000E-1,-4.196900907E0,-1.473063683E0
4.291666667E-1,-4.147244679E0,-1.486376048E0
4.333333333E-1,-4.100651257E0,-1.504551532E0
4.375000000E-1,-4.056600964E0,-1.524214656E0
4.416666667E-1,-4.015036062E0,-1.549529719E0
4.458333333E-1,-3.973947093E0,-1.580517595E0
4.500000000E-1,-3.927274954E0,-1.611324840E0
4.541666667E-1,-3.884992779E0,-1.636996334E0
4.583333333E-1,-3.824497719E0,-1.664824062E0
4.625000000E-1,-3.797488322E0,-1.678273921E0
4.666666667E-1,-3.744047674E0,-1.685524620E0
4.708333333E-1,-3.685359080E0,-1.650305248E0
4.750000000E-1,-3.624864019E0,-1.634576532E0
4.791666667E-1,-3.564156386E0,-1.616324360E0
4.833333333E-1,-3.499684392E0,-1.597915685E0
4.875000000E-1,-3.414341209E0,-1.586180484E0
4.916666667E-1,-3.347796643E0,-1.580130978E0
4.958333333E-1,-3.293891684E0,-1.585274894E0
5.000000000E-1,-3.241709264E0,-1.594082318E0
5.041666667E-1,-3.192521789E0,-1.604684339E0
5.083333333E-1,-3.144295874E0,-1.618080161E0
5.125000000E-1,-3.097231244E0,-1.631928859E0
5.166666667E-1,-3.052386920E0,-1.649995409E0
5.208333333E-1,-3.009741384E0,-1.671056099E0
5.250000000E-1,-2.969650340E0,-1.696158656E0
5.291666667E-1,-2.932800528E0,-1.731368629E0
5.333333333E-1,-2.888034184E0,-1.772505270E0
5.375000000E-1,-2.837218333E0,-1.789443887E0
5.416666667E-1,-2.796081692E0,-1.772505270E0
5.458333333E-1,-2.760994557E0,-1.744677542E0
5.500000000E-1,-2.715018311E0,-1.730158727E0
5.541666667E-1,-2.668660821E0,-1.705976221E0
5.583333333E-1,-2.618419578E0,-1.682305609E0
5.625000000E-1,-2.539582636E0,-1.651515149E0
5.666666667E-1,-2.478974900E0,-1.642406910E0
5.708333333E-1,-2.411333108E0,-1.636996334E0
5.750000000E-1,-2.375898930E0,-1.641778261E0
5.791666667E-1,-2.314541011E0,-1.652725050E0
5.833333333E-1,-2.281714877E0,-1.657566251E0
5.875000000E-1,-2.220168717E0,-1.680552778E0
5.916666667E-1,-2.196424115E0,-1.689167035E0
5.958333333E-1,-2.153142176E0,-1.711302503E0
6.000000000E-1,-2.108857806E0,-1.738628036E0
6.041666667E-1,-2.064091461E0,-1.749517147E0
6.083333333E-1,-2.021744919E0,-1.779764677E0
6.125000000E-1,-1.987867685E0,-1.782184479E0
6.166666667E-1,-1.950360747E0,-1.768875566E0
6.208333333E-1,-1.911643909E0,-1.756776554E0
6.250000000E-1,-1.868087465E0,-1.747097344E0
6.291666667E-1,-1.823321121E0,-1.708380506E0
6.333333333E-1,-1.779764677E0,-1.697491395E0
6.375000000E-1,-1.733788431E0,-1.684182482E0
6.416666667E-1,-1.687812185E0,-1.664824062E0
6.458333333E-1,-1.634576532E0,-1.630946828E0
6.500000000E-1,-1.575291373E0,-1.607958705E0
6.541666667E-1,-1.513396929E0,-1.577484229E0
6.583333333E-1,-1.466286496E0,-1.568535431E0
6.625000000E-1,-1.420593782E0,-1.564869911E0
6.666666667E-1,-1.376208055E0,-1.569982470E0
6.708333333E-1,-1.333417263E0,-1.579717354E0
6.750000000E-1,-1.292949108E0,-1.595489333E0
6.791666667E-1,-1.254035384E0,-1.613334516E0
6.833333333E-1,-1.215950714E0,-1.643045841E0
6.875000000E-1,-1.178443777E0,-1.666033963E0
6.916666667E-1,-1.138517037E0,-1.681762679E0
6.958333333E-1,-1.094960593E0,-1.686602284E0
7.000000000E-1,-1.062293261E0,-1.684182482E0
7.041666667E-1,-1.022366521E0,-1.674503272E0
7.083333333E-1,-9.715506701E-1,-1.641835939E0
7.125000000E-1,-9.352536338E-1,-1.617637915E0
7.166666667E-1,-9.098457084E-1,-1.603119101E0
7.208333333E-1,-8.759684746E-1,-1.569241867E0
7.250000000E-1,-8.287823275E-1,-1.542624040E0
7.291666667E-1,-7.755466744E-1,-1.516006214E0
7.333333333E-1,-7.327984055E-1,-1.497083168E0
7.375000000E-1,-6.940550601E-1,-1.484423707E0
7.416666667E-1,-6.537845426E-1,-1.481430434E0
7.458333333E-1,-6.122258775E-1,-1.487756951E0
7.500000000E-1,-5.688443116E-1,-1.501251158E0
7.541666667E-1,-5.246151104E-1,-1.517103198E0
7.583333333E-1,-4.818062883E-1,-1.531069241E0
7.625000000E-1,-4.476634470E-1,-1.559562657E0
